70175
11542
11547
11545
11548
11549
19399
19398
19397
19395
19390
82443
82442
82441
82440
46135
46133
46131
46130
70179
19973
19971
19970
19977
19975
73622
19979
16701
88023
46704
88021
88020
12019
12018
03246
42086
12015
12017
12016
12010
94080
64674
96079
64676
64677
64670
64671
64672
64673
17250
17251
17252
17253
17254
17255
17256
17257
63024
63025
10709
10708
63020
42081
54546
63023
10703
10702
10701
80279
10707
10706
10705
10704
46793
46792
46791
21619
46796
46795
46794
49565
49564
21617
46798
21610
21613
21612
54541
69170
69171
04046
72629
45448
45449
04041
80271
45440
45441
44799
44798
54540
04042
20153
46869
46868
20152
58079
58078
46861
46860
46863
46862
46865
46864
46867
46866
54543
20156
90310
20159
90312
90313
20158
54542
96130
13052
13053
13051
13056
13057
13054
54170
54171
54173
54174
54175
54177
94541
94540
94543
94542
62089
62088
94547
94546
62085
62084
62087
62086
62081
62080
62083
62082
20250
20251
20254
44427
40964
44424
44423
44422
44420
44429
44428
23509
23508
07677
07676
07675
23504
23503
23502
23501
07670
40328
27619
40329
27617
27616
27615
27614
27613
27612
27611
27610
59038
59039
59032
59033
59030
59031
59036
59037
59034
59035
12833
12832
12831
12830
12837
12836
12835
12834
12839
12838
92262
92263
92260
92261
92266
92267
92264
92268
66505
66506
66507
66501
66502
66503
66508
66509
06108
06109
06106
06107
06104
06105
06102
06103
06101
60902
60901
26568
26566
26562
26563
26560
26561
48919
65264
65265
15552
65260
65261
65262
65263
92886
92887
59732
92882
92883
92880
92881
15559
48912
32224
32225
32226
32227
32220
32221
32222
32223
32228
32229
04473
98109
98108
75287
04474
75285
75284
75283
98103
04475
04476
98647
41063
98644
73851
57661
57660
98645
88565
98642
98640
98641
52101
73858
60018
60019
60014
60015
60016
60017
60010
60011
60012
60013
21930
81401
04619
04611
04612
04613
04614
04615
04616
04617
00501
77380
23513
79405
79404
15701
15705
72454
79401
91950
37304
24147
37306
37307
24142
24143
37302
24141
79402
37308
37309
24148
24149
22485
37078
88022
33758
33757
22486
33756
03342
33755
22480
88025
98684
22482
68348
68349
68344
68345
68346
68347
68340
68341
68342
68343
88028
24867
07997
07999
30334
30335
30336
30337
30330
30331
30332
30333
76164
30338
30339
76161
92604
72394
72395
72396
72397
72390
72391
72392
04451
64679
91210
91214
35218
35219
35214
35215
35216
35217
35210
35211
35212
35213
02120
02121
02122
02123
02124
02125
02126
02127
02128
02129
23269
87901
50039
04979
04978
04975
04974
04976
04971
04970
04973
04972
63028
84761
73447
73446
73445
73444
73443
50037
73441
73440
46797
50036
73449
73448
61477
61476
46799
01473
01472
01471
01470
01477
01475
01474
88555
49560
61479
61478
05201
85671
85670
58461
75066
38569
38568
38560
38563
38562
38565
38564
38567
53561
70139
70130
70131
96748
02465
02464
02467
02466
02461
02460
02462
36177
02468
18769
18768
33528
18761
33525
18763
18762
18765
18764
18767
18766
41543
41542
87125
41540
41547
41546
87121
41544
41549
41548
98493
83637
83636
83635
83634
83633
83632
83631
83630
83639
83638
14741
98492
75060
71772
71770
76206
76207
76204
76205
76202
76203
76201
76208
76209
58075
12589
12588
58074
12583
12582
12581
12580
12586
12585
12584
95968
95969
58076
95960
58071
95962
95963
14745
95966
95967
89496
58072
96740
65068
65069
65066
65067
65064
65065
65062
65063
65061
77665
77664
13678
13679
43338
90311
13672
13673
13670
13671
13676
13677
13674
13675
16002
16003
16001
16006
52349
17358
17355
17354
52347
17356
52341
17350
17353
17352
96747
90879
96746
25503
69034
69037
69036
69031
20868
64001
69032
20866
20861
20860
20862
91367
93552
25505
93550
49157
90295
45638
48209
48208
90291
90290
90293
90292
45631
48202
48201
93554
48207
45634
48205
48204
16918
42171
42170
16914
16915
63783
16917
16910
16911
16912
97470
97472
97473
12208
12209
97476
97477
12204
12205
12206
12207
12201
12202
12203
10518
10519
10512
29351
10510
10511
10516
10517
10514
53565
21404
21405
21401
21402
21403
62781
62786
84636
76628
26836
67578
26833
67576
67574
67575
26838
67573
67570
84637
68634
68635
68636
68637
68631
68632
68633
68638
84634
54035
54034
24579
24578
24577
24576
84635
24574
24572
24571
24570
28409
28408
79720
79721
28403
28402
28401
90504
28407
28406
28405
28404
95821
95820
95823
35058
35056
35057
35054
35055
35052
35053
35050
35051
95827
95826
55128
55129
91980
91987
55120
55121
55122
55123
55124
55125
55126
55127
06807
06804
06801
52626
50332
93584
52627
59201
27009
27006
27007
73601
92186
92184
92182
74051
74050
74053
74052
74055
74054
74056
74059
74058
68147
32589
32588
32581
32580
32583
32582
55780
55781
55782
55783
98602
98603
98601
98606
98607
98604
98605
98609
35584
35585
35586
35587
35580
35581
35582
56473
56472
56470
56477
56475
56474
32056
32055
32054
32053
32052
32050
57782
57783
57780
57787
32059
32058
94549
52623
94548
06379
06378
62928
06371
06370
06373
06372
06375
06374
06377
06376
25714
25715
25716
25717
25710
25711
25712
25713
25718
25719
21875
21874
21871
21870
21872
26062
26060
99950
64944
05778
66780
05770
05772
05773
05774
05775
05776
05777
01068
01069
75098
75099
01060
01061
01062
01063
75092
75093
01066
66781
08501
08502
53953
53952
53951
40965
53957
53956
36778
36779
36776
40962
53959
36775
36773
08505
90029
40744
33728
33729
14660
14664
78851
38609
04040
38601
38602
38603
38606
83431
83433
83435
83434
83436
83438
78850
04429
04428
27828
27829
04423
04422
04421
04420
04427
04426
27822
04424
46230
23507
23506
46234
23505
84763
42755
46237
15139
80523
15133
15132
15131
15130
15137
15136
15135
15134
31764
31765
31766
31767
31760
31761
31762
31763
39553
39552
31768
31769
39555
33896
33897
33890
78119
78114
78115
78116
78117
33898
78111
78112
78113
72219
88523
88520
88521
88526
88527
88524
88525
72211
72210
88528
72212
72215
72214
14837
72216
04238
31498
31499
02861
47250
02863
02862
02865
02864
47257
47256
07819
06331
77622
01888
01889
01886
01887
01885
01880
77069
77068
77061
77060
77063
77062
77065
77064
77067
77066
99645
19743
95728
44106
95722
95724
74560
42371
42370
42372
42375
42374
42377
42376
42378
79032
78768
70301
70302
88566
88567
87573
87574
88563
03905
03904
03907
03906
03901
45344
03903
03902
45349
45348
87577
03909
03908
56369
56368
05433
05439
56364
75961
40269
40268
56032
40261
40266
14303
14302
14301
14305
14304
94912
94913
17968
94915
17966
17967
17964
17965
17963
17960
17961
49737
66930
66933
66932
66935
66937
63348
66939
66938
78589
78588
78587
78586
78585
78584
78583
71612
78582
48874
48875
48876
48877
48870
48871
48872
48873
63346
48878
48879
12468
12469
12464
12465
12466
12460
12461
12463
50845
50846
50847
50840
50841
50842
50843
50848
50849
85654
85652
97391
97390
97392
97394
97396
65567
46082
65565
65564
49058
65560
49055
49057
49056
49051
49050
49053
49052
79045
49739
94288
94289
94282
94283
94280
94286
94287
94284
94285
43109
57233
57230
57231
57236
57237
57234
57235
43101
79044
43103
43102
43105
03837
43107
43106
97535
97534
97537
97536
97531
97530
97533
97532
77577
46550
46553
46552
46555
46554
46556
94130
94131
94132
94133
94134
94135
94136
94137
52554
52555
52556
52557
17140
52551
52552
52553
60429
90621
90622
90623
90624
60421
60420
60423
60422
60425
60424
60426
79046
49238
80463
80461
80467
80466
80465
72072
80469
80468
27594
27596
27597
27591
27592
27593
27599
99757
99756
99755
48019
99753
99752
99751
99750
48012
58779
48017
48014
48015
95663
95662
95661
51555
95667
95666
95665
95664
49235
95669
95668
29250
21842
49234
95618
78358
78359
78357
49236
78352
78353
78350
78351
34280
34281
34282
72058
34284
34285
34286
34287
34288
34289
72051
79082
21843
79084
72055
79086
59500
59501
78680
78681
78682
78683
92885
37888
37887
37886
37885
37882
37881
37880
92572
92570
40464
26641
45234
66214
66215
50309
50308
66210
66211
66212
66213
50303
50302
50301
03270
50307
50306
50305
50304
68847
68846
68845
68844
68843
68842
23039
23038
23035
23032
23031
23030
77269
77268
03279
77263
77262
77261
40468
77267
77266
77265
79556
28618
28619
79553
79552
79550
28612
28613
28610
28611
28616
28617
28615
73010
73011
73012
73013
73014
73015
73016
73017
73018
73019
92398
92399
79605
35621
35620
35622
23693
32935
32936
07740
07747
07746
32932
23694
93625
93624
93627
07748
93621
93620
93623
93622
56628
56629
56623
56621
56626
56627
25699
00919
00918
00913
00912
00911
00910
00917
00916
00915
00914
23968
23960
23963
23962
23964
23967
23966
27278
61299
25526
25524
25523
25521
25520
25529
79601
02212
02210
02211
02216
02217
02215
72668
72669
98105
75286
98107
57574
57577
57576
57571
57570
57572
70543
70542
70541
70540
57579
57578
70544
72845
98102
91724
72847
72840
72841
71156
72842
72843
37414
37415
37416
37410
37411
37412
31441
00792
37419
05633
84751
84750
84753
75110
01749
01748
75115
75114
01745
84758
01747
01746
01741
01740
01742
41338
41339
77491
04321
41332
41333
77492
04327
40069
03678
40063
40062
40061
40060
40067
40066
40065
86440
77496
14145
14144
77497
14141
14140
14143
89111
99850
70893
70892
70895
70894
70896
70898
15817
71009
18672
89117
78538
33919
33918
78539
95155
18332
18333
18330
18331
33915
33914
18334
18335
38039
75969
38030
38037
38036
76491
38034
95154
27495
89042
89043
89040
89041
89046
89047
89045
89048
89049
91896
95157
47598
54738
85938
85939
85936
55076
47590
47591
47596
47597
85930
55077
55074
55075
95156
03581
03580
03583
03582
03585
03584
03587
08370
03589
03588
51557
47040
47041
47042
47043
47045
47048
51551
91899
15368
15362
15363
15360
15361
15366
15367
15364
15365
31516
31515
31513
31512
31510
31519
31518
19468
19465
19464
19460
19462
88318
88315
88314
88317
88316
88311
88310
88312
39071
39072
39073
39074
39077
39078
39079
81132
81133
81130
81131
81136
81137
81134
81135
81138
43749
43748
02601
43741
43740
43747
43746
46713
46711
46710
46714
63828
90421
11499
63829
13324
13325
13326
13327
13320
13321
13322
13323
38851
38850
38852
38855
13329
38857
38856
90398
93635
07806
90397
80265
80264
80266
80261
80260
80263
80262
48654
48655
48656
48657
20120
20121
20122
48653
62376
62375
62374
20128
20129
62370
65814
93633
44711
44710
44712
44714
41722
44718
65810
12985
76534
41727
41073
41072
41071
59747
59740
12981
41075
41074
12980
59748
59749
04739
29166
54242
14801
14802
14803
14804
14805
14806
14807
14808
14809
48555
45306
48553
48552
76537
48551
20080
29982
28054
28055
28056
28051
28052
28053
93430
93432
92808
92806
92807
92804
92805
92802
92803
95852
92801
80737
89521
89520
89523
51363
51360
93433
51366
51364
51365
76273
80731
61059
61058
61057
61054
61053
61052
61051
61050
25321
25320
25323
25322
25325
25324
25327
25326
25329
25328
97002
93435
89177
97006
82329
82322
82323
82321
82327
82324
82325
76270
70346
93437
10916
10917
10914
10915
10912
10913
10910
10911
56358
56359
59625
10918
10919
59624
57005
57004
57007
57006
57001
57003
57002
16428
16424
16426
16427
16420
16421
16422
16423
61949
61547
61940
61943
61942
61944
60094
60095
60096
60097
60090
60091
60092
60093
60098
60099
63547
63546
53278
63544
63543
63541
63540
53270
53277
53274
63548
49248
49249
49245
49246
49247
49240
49241
49242
94074
22959
22958
94071
94070
22953
22952
22957
22954
95537
95536
71922
24146
71920
71921
37305
63648
71929
95532
37301
62278
37303
50294
54725
54724
54727
54726
54721
54720
54723
54722
78521
78520
78523
78522
54729
54728
78526
62634
62635
62633
62630
62631
62638
62639
27419
27411
27410
27413
27412
27415
27417
27416
67049
67047
67045
67042
67041
29048
29044
29045
29046
29047
29040
29041
29042
74833
30910
30911
30912
30913
30914
30916
30917
30919
61548
31069
31068
31067
31066
31065
31064
31063
31062
31061
31060
72571
72572
72573
74831
64144
72576
72577
72578
72579
55090
55092
34749
34748
01969
34741
34740
34743
01966
01961
01960
34747
34746
35294
35295
35296
35297
08827
35291
08825
08824
08829
08828
35298
35299
66027
24442
24441
24440
66023
24445
24444
50112
50110
24448
50116
50117
50115
61554
61555
61552
61553
61550
61558
61559
06469
06468
73197
73196
50129
73193
06460
50128
22135
22134
06467
77439
66031
77432
75386
77430
77431
77436
77437
77434
77435
66035
75387
57347
32747
32746
32745
32744
51640
51649
51648
56014
56017
56016
56011
56010
56013
98224
98225
98226
98227
56019
98221
98222
98223
00703
74169
00707
00704
00705
85369
85363
85362
85361
85360
85367
85366
85365
85364
84038
84098
84092
41274
84090
84091
41271
84097
84094
84095
73184
84030
73185
84031
84032
05286
75231
77401
84034
84035
06472
39652
39653
39654
79968
39656
39657
84037
06470
71261
71260
71263
06471
71264
71266
71269
71268
18818
06474
33039
33036
18812
33034
18810
18817
18816
33030
18814
37625
05868
37621
37620
05864
05866
05867
05860
05861
05862
05863
84540
84542
01151
01152
83013
83012
83011
83014
71485
44999
71486
71481
71480
71483
47941
47940
47943
47942
14758
47944
47946
47949
14755
14756
14757
14750
14751
14752
14753
13904
13905
77881
77880
13901
13902
13903
77889
18105
18104
18106
18101
18103
18102
18109
30077
30076
30075
30074
30072
30071
30070
72901
38260
38261
72905
72904
30079
30078
31307
31304
31305
31302
31303
31301
31308
31309
47367
47366
47361
47360
11229
47362
11226
11225
11224
47369
47368
11221
11220
19058
19059
19050
19052
19053
19054
19055
19056
19057
96841
76163
76162
39130
42461
42460
42463
42462
42464
16629
80650
16627
16624
16625
16622
16623
16620
16621
97740
97741
12758
12759
12756
12754
12755
12752
88101
12750
12751
64730
64733
64735
64734
64739
64738
94274
63701
95459
63703
63702
63705
95450
95451
95452
95453
95454
95456
95457
21158
21156
21157
21154
21155
12288
21153
21150
64089
64088
64087
64086
64085
64084
64083
64082
64081
64080
42285
49735
42287
42286
49730
42280
42283
49733
49738
42288
54313
46902
46903
46901
46904
37396
51656
55576
51654
13489
13488
53076
53070
53072
53073
13480
13483
13482
13485
13484
90213
13486
58625
58626
37398
58620
51650
58622
58623
71427
51651
71426
71424
13157
13156
13155
13154
13153
13152
20680
20682
20685
20684
13159
13158
10592
10590
10591
10596
10597
10594
10595
10598
93406
98259
98258
20350
44501
44502
44503
44504
44505
44506
44507
44509
98256
29535
29536
29530
29532
95338
92109
92108
92107
92106
92105
92104
92103
92102
92101
66621
66620
66622
66625
66624
66626
66629
66628
89803
74177
02382
85377
23266
85372
85373
22443
22442
23260
22446
22448
23261
85379
26351
26350
26354
32501
55705
32503
32502
32505
32504
32507
32506
32509
32508
93274
71468
55708
55709
93270
93271
75368
98028
98029
75360
98027
98024
75363
75364
98023
98020
75367
70546
57702
57703
57700
57701
57706
57708
57709
52068
52069
52064
52065
52066
52060
96126
60119
60118
60111
60110
60113
60112
60115
60114
60117
60116
82515
82514
82516
82510
24849
24848
24847
24846
24845
24844
24843
24842
24841
01971
97224
97227
97226
66538
97220
97223
97222
97229
97228
99040
37020
37023
37022
37025
37024
37027
37026
37029
37028
99251
80432
29413
80433
80435
44396
80436
29417
80437
44393
29414
67231
67230
67233
67232
33481
67236
95585
68572
07890
30271
76049
30273
30272
30275
30274
30277
30276
76040
76041
76043
76044
80218
79247
91316
79245
79244
72295
91312
79241
79240
91319
79248
97824
97823
12179
99784
90034
97820
99786
23183
23181
23180
23187
23186
23185
23184
99780
23188
90030
87823
87820
87821
87827
87824
87825
87828
87829
25922
25921
25920
25927
25926
59864
25928
59867
73442
59866
90039
59860
23459
23458
72437
72436
72431
72430
72433
72432
23451
23450
23453
23452
23455
23454
23457
23456
95630
76958
95631
76953
76950
76951
76957
76955
73520
73521
73522
73523
92662
92663
73526
73527
73528
73529
95635
78081
74552
74553
74554
74555
74556
74557
74558
74559
32966
91903
63129
32964
85648
71277
97856
85539
97857
85532
05124
85530
85531
85536
85534
85535
75603
75602
75601
75607
63127
75605
75604
63126
38402
38401
62836
70079
62837
70073
70072
70071
70070
70076
70075
78827
70381
70380
70384
62838
62839
36039
36038
02584
36031
36030
36033
36032
36035
36034
36037
36036
84665
84664
84667
84660
84663
84662
18602
18603
18601
87001
87002
87004
87005
87006
87007
04294
87009
77043
04290
04291
04292
39755
39754
39756
39751
39750
39753
39752
39759
39758
02638
02639
44070
02635
02636
02637
02630
02631
44076
02633
92378
41759
12978
12979
12976
12977
12974
12975
12972
12973
12970
04745
71030
71031
71032
71033
71034
71036
71037
71038
71039
76561
55704
76567
76566
76565
76564
76569
15478
15479
15472
15473
15470
15471
15476
15477
15474
15475
03215
40404
03217
03216
40403
40402
40409
03218
47750
28972
28971
13737
13736
13734
13733
13732
13731
13730
65529
13739
13738
11380
11381
43279
11385
11386
96373
11388
43272
43271
43270
93779
19155
19154
19156
19151
19150
19153
19152
94203
94206
94207
94204
94205
61101
94208
94209
71660
43187
87585
65650
65653
65652
65655
65654
65657
65656
65659
65658
12962
80759
80758
80755
80754
80757
80751
80750
46001
99201
99203
99202
99205
99204
99207
99206
99209
99208
83001
95559
95558
95555
95554
95556
95551
95550
95553
95552
42631
42632
42633
42634
42635
42637
42638
16815
12128
12121
12120
12123
12122
12125
12124
49327
90008
90009
49326
90004
90005
90006
90007
49325
90002
90003
63110
50350
63112
63113
63114
63115
63116
63117
63118
49323
49322
54952
54950
54951
54956
49321
21721
21720
21723
21722
21727
48366
48367
48360
48361
48362
48363
62867
62866
62865
62864
62863
62862
62861
62860
14729
49947
49946
49945
49943
49942
49948
68771
68111
68773
68772
68774
68777
68776
68779
68778
68113
48092
45061
45062
45063
48096
45065
45066
45067
45068
45069
48098
48099
59858
14723
98845
44333
44331
14722
98846
44334
68116
28564
24239
58455
58454
28560
28561
28562
28563
24230
24236
24237
62243
62242
62241
62240
62247
62246
62245
62244
79009
79008
62249
62248
34208
34209
98364
34201
34202
34203
34204
34205
34206
34207
75424
79058
96862
98361
35151
35150
98360
28692
28693
28690
28691
07079
07078
28694
72001
07075
07074
07077
07076
07071
07070
07073
07072
79052
79053
67741
67740
67743
67745
67744
67747
67749
67748
79051
89815
77238
94170
73759
94171
73758
23612
59326
59327
59324
97846
59322
59323
61749
61748
61747
61745
61744
61743
61742
61741
61740
73722
73753
73720
73726
73727
73724
73728
73729
77233
77234
77235
77236
78847
77237
78842
78843
78840
78841
73098
73099
92318
73090
92317
73092
73093
73094
73095
73096
73097
32310
32311
32312
32313
32314
32315
32316
32317
55939
96019
06039
58231
06032
06033
06030
06031
06037
06034
06035
25611
25612
25614
25617
78391
96011
75449
75448
96010
75444
75447
75446
75441
75440
75443
75442
26141
26142
26143
26145
26146
26147
26148
26149
96016
79821
72918
30063
33448
58849
33443
33442
33441
33440
33447
33446
33445
33444
30069
36541
36540
36543
36542
36545
36544
36547
36549
36548
63877
63876
63875
63874
63873
63872
63871
63870
63879
63878
34949
34948
34947
34946
34945
44221
08666
83261
83262
83263
44223
18444
18445
18446
18447
18440
18441
18443
71638
71639
18448
18449
44224
15674
15675
15676
15677
15670
15671
15672
15673
76365
76364
76367
76366
15678
15679
76363
93673
93670
33991
33990
33993
33994
78011
78010
78013
78012
78015
78014
78017
78016
93675
08085
08084
08087
08086
08081
08080
08083
39345
39348
08089
08088
31599
31598
02902
47513
02901
02906
02907
02904
02905
02908
47519
33526
33527
33521
33523
48054
87124
87123
55382
87122
48050
27557
91046
86340
86341
86342
86343
86344
91506
45165
91504
91505
91502
91503
45164
91040
45167
91508
20624
20622
45162
93771
02018
02019
74455
74454
74457
74456
74451
74450
74452
74459
74458
42032
42033
42031
42036
42037
42035
42038
42039
00940
29290
49872
29292
49871
10169
10168
10167
10166
10165
10164
10163
10162
10161
10160
49870
14889
14880
14881
14882
14883
14884
14885
14886
14887
03826
03827
03824
03825
03822
45267
03820
03821
45268
45269
85705
85704
85707
85706
44139
44138
85703
80950
44135
44134
44137
44136
44131
44130
44133
44132
54944
72099
84252
59545
71171
71172
14269
14264
14265
14267
14260
14261
14263
45886
45887
45884
45885
45882
45883
45880
45881
54949
45888
45889
54948
29124
29901
83702
29903
29902
29905
29904
29907
29906
29909
83709
83708
47654
48930
48933
48937
78648
19348
16136
16137
16134
19347
16132
16133
16130
16131
55964
55965
87518
55967
10998
10996
10997
10994
10995
10992
10993
10990
55961
55962
55963
87519
65440
65441
82944
65443
65444
82943
65446
82941
65449
43028
43029
43022
43023
43021
43026
43027
43025
46218
46219
84025
46211
46216
46217
46214
17777
17776
52765
17774
17773
17772
17771
52760
17779
17778
60670
60671
27949
27948
60674
60675
60677
27943
27942
27941
27947
27946
27944
42776
80549
95961
80544
80545
80546
80547
80540
80541
80542
80543
45745
45744
48115
45746
45741
45740
45743
48110
27499
27498
48118
92531
63091
63090
95746
95747
63099
95741
95742
95743
78259
78258
78253
78252
78251
78250
78257
78256
78255
78254
62935
10203
98395
62934
30999
34433
34432
34431
34430
34436
34434
26720
50265
26722
50261
26726
50263
50268
50269
24379
24378
24375
24374
24377
24370
24373
68920
68922
68923
68924
68925
68926
68927
68928
68929
55785
67950
67951
67952
67953
67954
77341
77342
77343
77348
77349
50197
50198
28717
28716
28715
28714
28713
28712
28711
28710
28719
28718
72642
94597
72640
72641
94592
72644
72645
55787
94598
94599
92292
73119
73118
73115
73114
73117
73116
73111
73110
73113
73112
55014
55016
32872
55010
55011
32877
55013
32878
93744
93745
55018
55019
93740
93741
35470
35471
35473
35474
35475
35476
35477
35478
64090
00715
23803
23801
23806
23804
23805
81310
27130
00782
00783
00780
00786
00784
00785
49743
49745
49744
74932
49747
28657
49746
74930
74931
74936
75875
74937
63827
74935
32123
32122
32121
32120
32127
32126
32125
32124
32129
32128
26264
26267
26266
26261
26260
26263
56097
56096
26269
26268
56093
61259
57328
57329
61258
57324
57325
57326
57321
57322
57323
84013
84010
84011
75258
84017
84014
84015
75254
75255
84018
75250
75251
75252
75253
61251
91720
61250
59825
14111
76309
86520
76308
14068
14069
14066
14067
14064
14065
14062
14063
14060
14061
70752
70753
70750
70751
70756
70757
70754
70755
73058
70759
73059
71409
71405
71404
71407
71406
71401
71403
38774
38776
38771
38772
38773
55942
38778
30560
30563
30562
30565
30564
30567
30566
30568
40144
40145
40146
40140
83548
40142
40143
83545
83544
83547
83546
83541
83540
83543
83542
67441
47490
90209
89721
53009
53008
90204
43336
43337
90201
43334
07963
07962
07961
07960
43332
07969
71649
43333
30385
15006
15005
30386
15003
30380
15001
87735
43331
30389
30388
15009
94508
71643
77808
71642
77803
77802
77801
77807
77806
77805
72325
72324
72327
72326
72321
72320
72322
71647
72329
72328
71646
71644
35809
35808
35801
35803
35802
35805
35804
35807
35806
98439
98438
52348
52345
52344
52346
52340
94506
52342
43552
43553
43550
43551
43556
43557
43554
43555
43558
74860
13148
94501
74864
74865
74866
13149
74868
74869
17570
17573
17572
17575
17577
17576
17579
17578
13401
13403
13402
13404
13407
13406
13409
13408
63951
37087
67857
94503
20601
62439
20603
20602
20604
20607
20606
20609
20608
62432
62433
62434
62435
62436
80034
80035
80036
80037
80030
80031
80033
80038
36513
46982
46980
85009
42209
46987
46984
46985
85002
42204
42207
42206
42201
85007
42203
42202
48469
48468
48467
48466
48465
48464
48463
48462
48461
48460
66866
11939
11937
54526
11935
11934
11933
11932
11931
11930
91841
04538
15948
15949
15942
15943
15940
15946
15944
15945
04535
69030
38063
69033
96009
69039
69038
84774
28269
36360
28266
28265
28262
28261
28260
36362
94531
89446
89447
89444
81231
66849
89440
66845
66846
66840
66843
66842
51009
51008
51007
51006
51005
51004
51003
51002
51001
61318
61319
61310
61311
61312
61313
61314
61315
61316
61317
77230
28849
81232
62670
25173
25174
25177
62671
56258
56257
56256
56255
56253
56252
56251
93940
96717
93942
93943
93944
96713
96710
96718
85942
65765
65764
65767
65766
65761
65760
65762
16301
16302
65769
65768
61862
61863
61866
61864
61865
60191
60190
60193
60192
60195
60194
60197
60196
60199
60198
76873
99524
76872
90294
64789
21219
21218
90296
76877
21211
21210
21213
21212
21215
21214
21217
21216
99522
99523
43615
43614
43617
43616
43611
43610
43613
43612
81024
81025
81027
43619
45633
81022
81023
48206
68061
68063
68062
68065
68064
68067
68066
68069
68068
45636
94624
94625
94626
94627
94620
94621
94623
36912
36913
36910
36916
36915
90714
90715
90716
36919
90710
90711
90712
90713
54646
58346
54644
54645
54642
54643
54640
54641
70787
54648
54649
62777
62776
99591
99590
99599
83845
08232
08230
08231
08237
08234
48706
48707
48705
48703
91399
48701
91396
91395
91394
91393
91392
48708
91390
99622
99621
99620
99627
99626
99625
99624
99628
63781
63780
23109
23108
23103
23102
23101
92169
23107
23106
23105
23104
59436
59434
59435
30819
30818
59430
30815
30814
30817
30816
30811
30810
30813
30812
29677
29676
29675
26886
29673
29672
29671
29670
73838
29679
29678
78771
78772
78773
78774
78778
31141
31145
31146
79423
91977
91976
79424
55191
55190
91979
91978
67855
67854
34668
34669
67851
67850
67853
67852
34660
34661
67859
34667
50015
50014
50013
50012
50011
50010
08904
08905
08906
08907
08901
08902
08903
66101
66102
66103
66104
66105
66106
66109
61453
61452
61451
61450
61457
61455
61454
61459
61458
06508
06509
06502
06503
06501
06506
06507
06504
06505
28106
28107
28104
28105
28102
28103
28101
24651
24656
24657
28108
28109
38954
38955
62997
38957
38950
38951
38952
38953
75935
75934
75937
75936
38958
38959
75933
75932
70788
73301
93539
32621
32622
53569
32625
32626
32627
32628
93530
92161
93535
93534
93536
38482
38483
56754
38481
38486
38487
56750
38485
75683
75682
38488
75680
75687
75686
56758
56759
53562
03082
53563
19511
95321
53560
16322
85244
85245
56385
29353
74082
74083
74080
74081
53566
85248
85249
29355
27305
27306
27301
29356
27302
96730
96731
25231
96732
25235
25234
62996
25239
96733
74338
74339
65742
31993
74335
74336
74337
74330
65741
74332
74333
54699
65740
65747
65746
65745
65744
71302
71303
71301
71306
71307
71309
33179
33178
84190
33173
33172
33170
33177
33176
33175
33174
33280
33283
37705
37707
37708
37709
84710
41425
41426
04217
04210
41421
41422
04219
08570
83354
83355
83350
83352
83353
47862
47863
47860
01364
47866
47864
47865
47868
47869
01369
01368
76655
76654
76657
76656
76651
76650
76653
76652
40489
03298
40484
40486
40481
03290
03293
33825
33827
18025
14563
33820
18020
18021
14569
14568
38107
38106
38105
38104
38103
38101
38109
38108
30730
30731
30732
30733
30734
30735
30736
30738
30739
72820
72821
72826
72827
72824
21237
21236
46377
21234
47282
47283
47280
47281
21233
11302
47288
21231
46372
91730
47138
47139
47134
47135
47136
47137
47130
47131
47132
47133
15216
15217
15214
15215
15212
15213
15210
15211
87505
87504
87507
87506
14591
15218
15219
39272
39271
42502
42503
42501
37180
16541
37181
16546
16544
97029
97028
88221
88220
97024
97023
15856
97021
97020
15857
15851
63622
63623
63620
63621
63626
63627
63624
63625
63628
15853
21053
21052
21051
21050
21057
21056
21055
21054
64168
81228
64160
64161
81224
64163
64164
64165
64166
64167
63198
49670
49673
49675
49674
49677
49676
49679
63195
63196
63197
41859
41858
41855
53130
53132
53134
53137
53139
53138
54480
54481
58103
58102
54484
54485
54486
54487
54488
54489
23666
62571
62570
62573
62572
13210
13211
13212
90087
13214
13215
90082
14456
13218
13219
90088
90089
81047
33956
10499
33951
33950
33953
14450
20010
20011
20012
20013
20015
45390
20017
20018
20019
94705
94704
94703
94702
94701
55771
55772
44629
44628
44625
44624
44627
44626
44621
44620
44622
55777
58558
93243
58559
93242
29471
29470
29472
29475
29474
29477
29476
29479
52624
58552
40818
40819
58553
40813
40810
40816
40815
52620
52621
58554
34982
95076
95077
95075
34981
95070
95071
68041
34987
68040
34986
34985
34984
06748
06749
50569
50568
50567
50566
50565
50563
50562
50561
50560
22560
22567
22565
61126
61125
26412
26410
26411
26416
26415
26419
32422
32423
32420
32421
32426
32427
32424
32425
55429
55428
32428
98349
31558
98343
98342
98340
96145
98345
98344
93041
93040
93043
93042
96033
93044
96031
96140
96039
96038
32399
32395
25039
25035
25036
25031
25030
25033
91365
65350
65351
65354
65355
24920
24924
24925
24927
64402
64401
62719
62718
97346
97347
97344
97345
97342
97343
97341
97348
99121
99122
99123
99124
99125
99126
99127
99128
99129
62716
78093
98834
24078
24079
98831
78003
98833
98832
24072
24073
24070
24076
24077
68182
68183
68180
68181
08009
08008
03058
03057
08004
03055
08006
08001
03052
08003
08002
71858
71859
71857
71854
71855
71852
71853
71851
60101
80314
30132
30133
30137
30134
30135
30138
30139
78006
78635
78634
78636
78631
78630
78632
31267
78639
78638
37854
37857
37851
37852
37853
27525
27524
79322
27526
27521
27520
27523
27522
79329
27529
99553
93581
67460
67464
93586
67466
67467
67468
47003
25801
25802
66733
66732
02090
66736
66735
02093
66739
66738
72776
76856
72774
76854
76853
72773
72770
23313
23310
23316
42041
23314
23315
46743
46745
92583
92582
92581
92587
46746
92585
92584
92589
46747
92187
50606
50607
50604
50605
50602
50603
50601
92051
90620
92055
92054
50608
50609
99649
99559
99648
22044
22047
22046
22041
22040
22043
22042
95110
77726
77725
99558
77720
43928
43927
43926
43925
43924
43920
93933
05048
05049
05046
05047
05045
05042
05043
05040
05041
75764
75765
75766
75760
75762
75763
00636
00637
00634
00635
00633
00631
00638
00639
33328
33329
84782
84783
84780
84781
33322
33323
33320
33321
33326
33327
33324
33325
55784
87328
45808
45809
45806
45807
45804
45805
45802
55786
87323
45801
36660
36663
83839
83835
83834
83837
83836
83830
83833
83832
02779
02771
02770
02777
04027
41655
04024
41653
04022
04021
41650
97231
04029
04028
70848
40383
40380
83788
40386
40387
40384
40385
15537
15536
30677
15534
15533
15532
15531
15530
76444
76445
76446
30678
15539
15538
59414
59417
73932
56479
37133
37132
37131
37130
37137
37136
37135
37134
52774
73937
37138
52742
44867
44866
40524
44864
03552
44862
44861
44860
20660
19936
57788
19933
69134
19930
38316
38317
38314
38315
38313
38310
38311
38318
57785
42788
11531
11530
11536
11535
65110
65111
88063
88062
60542
60543
60540
60541
60546
64648
60544
60545
62325
64644
60548
60549
64641
64640
64643
64642
57380
46164
46165
46166
46167
46160
46161
46162
46163
46168
97180
69149
69148
99320
91912
99326
99327
99324
69141
69140
69143
69142
69145
69144
69147
69146
79603
46290
46291
46295
46298
17261
17260
17263
17262
17265
17264
17267
17266
17269
17268
85010
63019
63015
63014
63017
63016
63011
63010
63013
63012
64638
85013
54859
54858
54857
54856
54855
54854
54853
54851
54850
62948
62949
62940
62941
62942
62943
62944
62946
62947
85012
18517
10286
10285
10282
10280
10281
49820
49821
49822
46835
49825
49826
49827
49829
85015
50131
68433
68430
68431
68436
68437
68434
68438
68439
13396
64636
48198
48197
80908
48195
64637
48192
48191
48190
63068
63069
44470
44471
44473
58710
58711
58712
58713
58716
58718
49525
87315
20195
20194
20197
20196
20191
20190
20193
07290
20199
20198
13022
13021
13020
13027
13026
13024
87316
13029
13028
54149
54141
28796
54143
28793
28792
28791
28790
20223
20222
20221
20220
20227
20226
94518
20224
62052
62053
20229
20228
62056
91745
62054
79697
67663
67660
67661
67666
67667
67664
67665
67669
07624
61439
07626
07627
07620
07621
61438
66535
66534
66537
66536
07628
66533
66532
87311
27640
51537
51536
51535
51534
51533
51532
51531
51530
59043
61629
59041
59047
59046
59044
61625
23882
23883
23881
23887
23884
23885
23888
23889
87313
83607
35742
35740
35741
35746
35747
35744
35745
35748
35749
82055
32219
32218
32215
32214
32217
32216
32211
32210
47202
32212
61088
61089
61084
61085
61087
61080
61081
26591
26590
56547
56546
56545
56544
56543
56542
56541
56540
67223
60973
60970
60974
65255
65254
65257
65256
65251
65250
65259
65258
75568
75569
75566
75567
75564
75565
06281
06280
75560
06282
99790
58053
21901
21903
21902
21904
79901
79902
79903
79904
79905
79906
79907
79908
57638
57639
57636
57634
57632
57633
57630
57631
48093
60025
60026
60021
60020
60022
60029
36462
53826
36460
36461
36467
53821
53820
48090
75475
04621
04623
04622
04625
04624
04627
04626
04629
04628
84765
75476
75097
75094
08701
84766
99699
75090
75091
15731
15730
15733
15732
15734
15737
15736
15739
15738
33650
33651
37339
37338
33655
37335
37334
37337
33659
37331
37330
37333
37332
59904
30309
30308
15089
15088
30305
30304
15085
15084
15083
15082
30303
30302
39429
39428
39427
39426
39425
39423
39422
39421
31659
31650
57432
68375
68374
68377
53950
68371
68370
68372
57434
47412
57435
67345
67344
67347
67346
67341
53955
67342
78709
53954
67349
57438
93514
57439
93512
53958
99693
93510
76134
76135
76136
76137
76130
76131
76132
76133
99690
70148
99691
58789
58788
54206
54207
54204
35225
35224
35226
35221
35220
35223
35222
54202
35229
35228
54203
58781
54201
91305
02119
02118
91306
02111
02110
02113
02112
02115
02114
02117
02116
91308
91309
54556
70144
54557
94099
91123
94098
94096
54554
85082
85080
85086
85087
85085
76855
85089
54552
10048
10040
10041
10043
10044
10045
10046
10047
54550
45107
45106
45105
45103
45102
45101
85626
85627
85624
85625
85622
85623
44278
85621
44276
44274
44275
44272
44273
44270
85629
54551
85221
05233
96106
96104
36141
36140
36142
70494
33515
33514
33511
33510
33513
71724
71725
64649
71720
71721
71722
17812
17813
17810
17814
17815
25654
87174
87176
29822
29821
29826
29827
29824
29828
29829
83660
83661
47996
47997
47994
47995
47992
47993
47990
47991
99346
27824
99347
27825
27826
27827
27820
27821
27823
12550
12551
12552
12553
12555
12557
94585
95951
95950
95953
95955
95954
95957
95956
95959
95958
50936
58456
94587
64646
94586
94581
13603
13602
13601
13607
13606
13605
13608
94580
74353
94583
43699
58451
43697
90822
63932
63933
11768
11769
63936
63937
63934
63935
11762
16388
11760
63939
11766
11767
11764
11765
17030
17031
17032
17033
17034
17035
17036
17037
17038
17039
97443
97442
97444
97447
97446
64058
64054
64055
64056
64057
64050
64051
64052
64053
21290
46312
21297
46310
49169
21298
46319
20520
20521
20522
20523
20524
45663
20526
45661
45669
99519
99518
99515
99514
99517
99516
99511
99510
99513
99512
16925
16927
16926
16921
16920
16923
16922
16929
16928
12235
12234
12237
12236
42128
42129
12233
12232
42124
42127
42120
12238
42122
42123
66526
48787
29360
29363
10560
10567
10566
53515
95170
29369
29368
53518
49785
49784
49786
49781
49780
49783
49782
49788
67585
67584
67583
67581
39556
26808
26804
26807
26801
26802
48114
78118
68601
68602
29585
29584
29587
29581
29580
29583
29582
29589
29588
24526
24527
24520
24521
24522
24523
24528
24529
58523
58521
58520
58524
58529
33116
71320
79719
79718
72129
72128
72127
07522
72125
72124
72123
72122
72121
72120
73658
73659
73656
73654
73655
77573
77572
73650
71325
07189
07188
55113
55112
55115
55114
55117
55116
55119
55118
07182
07184
06854
06855
06856
06857
06850
06851
06852
06853
06858
06859
60408
88529
07457
07456
07452
07451
07450
07458
25729
25728
25725
25724
25727
25726
25721
25720
25723
25722
53075
74008
74009
74006
74004
74005
74002
74003
74001
98673
98672
98671
98670
98675
98674
55803
55802
55801
32008
32009
55805
55804
32004
32007
98581
98580
98583
98582
98585
98584
06320
98586
98589
98588
26386
26384
26385
57401
57402
24898
24899
24894
24895
24896
24897
24892
66548
84119
02860
84117
84116
84115
84114
84113
84112
84111
84110
64930
26038
26039
26034
26035
26036
26037
26030
26031
26032
26033
05741
05740
05743
05742
05745
05744
05747
05746
05748
68456
75067
01050
01053
68457
75063
01054
01057
01056
01059
75069
75068
95397
36786
36785
36784
36783
36782
70659
70658
70657
70656
70655
70654
70653
70652
70651
70650
14651
14650
14653
14652
49806
06140
49807
38631
38630
38633
38632
38635
38634
38637
38639
38638
49805
22637
30401
41723
83468
83469
83466
83467
83464
83465
83462
61011
83460
61010
41444
27814
27817
27816
27811
27810
27813
27812
38187
38186
38184
27819
27818
38181
38865
03749
03748
03747
03746
03745
03743
03741
03740
07848
07849
02838
02839
07844
02837
07846
07847
07840
07841
07842
07843
53553
77964
39581
77967
77960
77961
77962
77963
77968
77969
19344
78125
78124
78126
31759
31758
78123
78122
31754
31757
31756
31751
31750
31753
31752
19345
83337
88559
88558
15298
88553
88550
88557
88556
15290
88554
81621
81626
65048
85246
65049
96751
85247
01876
01879
77036
77037
77034
77035
77032
77033
77030
77031
54153
77038
77039
43458
43457
43456
43452
43451
43450
47845
22907
20722
20723
20720
20721
20726
20724
20725
92404
13290
42328
42326
42327
42324
42325
42322
42323
42320
46660
20098
20099
45318
45319
45316
45317
45314
45315
45312
45310
45311
54155
18012
54408
54409
54401
54402
54403
54404
54405
54406
54407
59638
59639
18011
70355
70352
70353
59631
59632
59633
59634
59635
59636
70359
33807
33806
80823
80822
80821
80820
80827
80826
80825
80824
80829
80828
18001
41146
41144
41143
41142
41141
41149
40232
40233
40231
91760
91761
91766
28348
28349
11109
91764
28340
11103
28342
11101
11106
28345
11104
28347
94963
52738
94960
91768
94965
52739
91769
91735
62031
66968
66969
66966
66967
66964
66962
52736
66960
66961
52737
79999
52730
79998
52731
79997
52732
79996
52733
79995
79994
79993
79992
79991
79990
12455
12454
12457
12456
48849
12450
12453
12452
48845
48844
48847
48846
12459
12458
48843
48842
83641
56118
56119
56110
56111
56113
56114
56115
56116
56117
57249
57248
57243
57242
57241
57247
57246
57245
57244
65686
16228
16229
65682
65680
65681
16222
16223
16220
16221
16226
16224
16225
93729
88065
77433
93720
49088
49089
93721
49082
49083
49080
49081
65530
49087
49084
49085
93724
93725
43156
43157
43154
43155
43152
43153
43150
43151
64483
64482
64481
64480
64487
64486
43158
64484
46506
46507
46504
49333
46502
49335
49336
46501
49338
49339
46508
52565
68103
17177
52566
52561
52560
52563
52562
22827
61606
68108
22824
52569
52568
22821
22820
60476
60477
60474
60475
60472
59063
60470
60471
94101
94103
61605
94105
94104
60478
60479
90610
90612
58220
58222
58223
58224
58225
58227
58228
58229
20414
20415
20416
04253
60055
48140
20411
77993
20413
48063
48062
48061
48060
48067
48066
48065
48064
91050
91051
48069
48068
99708
99709
99704
99705
99706
99707
99701
99702
99703
72080
72081
72082
72083
68818
68819
72086
72087
68814
68815
68816
68817
68810
68812
68813
25880
25882
29130
29132
29133
29135
29137
29138
49509
79508
79504
79505
49508
79501
79502
79503
92509
92508
26618
26619
92503
26615
92501
26617
26610
26611
26612
92504
23064
23065
23066
23067
23060
23061
23062
23063
24281
24280
24283
24282
24285
23069
66223
66222
61799
04776
61790
61791
04774
04773
04772
49505
24751
04770
50682
50680
50681
28663
28662
28661
28660
28667
28666
28665
28664
28669
28668
74902
74901
61242
61243
61240
61241
61244
73029
35677
35674
35672
35673
35670
35671
73021
73020
73023
73022
73024
73027
73026
49503
95427
55301
55302
55303
32909
32908
55306
55307
32905
32904
32907
32906
32901
87521
32903
32902
56653
46032
56651
56650
56657
56655
56654
98422
87527
56659
56658
98424
87525
87524
49501
23936
23937
23934
23930
23938
23939
27220
27228
27229
36373
36370
36371
36376
36374
36375
25570
25571
25572
25573
02269
92231
02266
92230
97636
92232
70591
70592
70593
70594
70596
70598
97637
18636
40526
18635
97634
63128
18632
18631
36590
94509
18630
97635
74182
98934
18969
18968
37424
18964
18963
18962
37422
41301
41307
84701
12491
98935
86411
49740
12490
30747
30746
05958
30741
30740
01240
01242
01243
01244
01245
95627
01247
30742
15821
15823
15822
15825
15824
15827
15829
15828
08328
08329
08324
08326
08327
08320
08321
08322
08323
33946
33947
33944
18340
18347
18346
18344
14449
18349
18348
33948
33949
34994
34995
34996
34997
34990
34991
34992
31548
31549
31544
31545
31546
31547
31542
31543
89039
89033
89032
89031
89030
89036
95623
38392
38393
38390
38391
60954
47070
95621
15313
15312
15311
15310
15317
15316
15315
15314
82410
82411
82412
82414
87420
87421
50255
97438
50254
95620
60952
50250
97439
50252
97108
85645
97101
95608
97103
97104
97106
97107
39048
39041
39040
39043
39042
39045
39044
39047
39046
16750
16751
19925
79059
12042
12043
12040
12041
12046
12047
12045
79056
43791
81149
43793
81143
43799
81141
81140
81147
81146
81144
21643
21640
37343
21647
21644
21645
21648
21649
24105
45341
45439
45340
45437
79054
45435
45434
45433
45432
45431
45430
45342
45345
58021
45347
45346
38804
38802
38803
38801
17405
17404
17407
17406
17401
17403
17402
13319
13318
08871
13315
13314
13317
13316
13310
13313
13312
77378
14839
14838
62326
62320
62321
62323
14831
14830
11801
08877
58794
58795
11805
14836
77375
20119
45296
77374
20115
48667
45298
20111
20110
20113
48662
92799
24413
57386
81503
59771
59773
59772
29732
29733
29730
29731
40913
29734
33247
71965
55025
49657
49656
28749
12860
12861
12862
12863
12864
12865
12866
55024
46601
49652
95241
23297
68303
95245
49651
58790
95246
95249
95248
49650
50448
50449
23294
55027
56384
50440
23293
50444
56387
50446
23292
74844
23291
68309
23290
33242
06176
22604
22603
22602
22601
26519
55021
56389
56388
95865
95864
95867
95866
95860
96863
79713
65684
93160
55304
61006
61007
61001
61008
55676
79988
79989
56329
56328
56323
56321
56320
56327
56326
56325
56324
25375
81433
82354
78568
89147
30725
55308
71251
98150
98151
98154
98155
98158
89149
53537
16415
16414
16417
16416
16411
16410
16413
16412
61917
61914
61912
61913
61910
61911
96805
61919
52151
52154
52155
52156
52157
52158
52159
58125
53203
53202
53201
58124
53207
53206
53205
53204
58123
53209
53208
58122
24137
24136
49277
24134
24133
24132
24131
24130
49279
49278
24139
24138
22980
55026
94914
22987
22989
62558
53533
62553
71959
71958
58793
71952
71951
71950
71957
71956
53532
94237
94236
94235
78576
78577
78574
78575
78572
78573
78570
78571
78578
78579
94230
71060
84049
93609
66936
29075
29074
29071
29070
29073
29072
29079
29078
02191
02190
02193
02192
02195
02194
02196
02199
66075
66076
66077
66070
66071
23219
23218
04922
04923
04920
04921
04926
04927
04924
04925
04928
04929
57384
23876
57385
23875
57382
32793
87730
57383
31034
31035
31036
31037
31030
31031
31032
31033
57381
31038
31039
34712
34713
34711
72540
72543
72542
72545
72544
72546
73491
87594
50163
50162
50161
50160
50167
50166
50165
50164
92712
87592
50169
50168
55530
32718
32719
32714
32715
32716
61520
32710
32712
32713
06436
06437
06432
22160
22161
06438
06439
77443
77442
77441
77440
77447
77446
77445
77444
77449
77448
34801
43802
43803
43804
43805
81290
93601
69347
69346
93445
93444
93447
93446
93441
93440
93443
56043
93449
69349
69348
56045
00773
00772
00771
00777
00775
02345
70146
70145
00778
70143
70142
70141
70140
93606
66063
12964
83523
93605
64451
63853
02349
04101
41512
04103
04104
04105
04106
04107
04108
04109
39669
39668
72687
39661
39660
39663
39662
39665
39664
39667
39666
85330
23229
71238
85331
71237
71234
71235
71232
71233
71230
85333
72680
80742
85335
23222
85336
23223
71064
85337
63857
05855
45612
05857
05851
05850
05853
05852
05859
05858
33599
33598
33595
33594
33597
69301
33593
33592
30028
30029
30024
30025
30026
30021
30022
30023
03452
03451
03450
03457
03456
03455
03458
14767
14766
14760
84604
14769
47918
47916
47917
72956
72957
72955
72952
76272
72950
72951
72958
72959
13688
43349
43348
43347
43346
13681
43344
13687
43342
13685
13684
19061
19063
19065
19064
19067
19066
65018
65017
65016
65014
65013
65011
65010
64769
64766
64767
64765
64762
64763
64761
33634
33635
95543
33637
33630
82620
18254
28343
33633
19685
88135
88134
88136
88130
88133
88132
42436
42437
46394
46393
46392
46391
42431
17302
17303
52310
17301
17306
17307
17304
52315
97733
97732
52318
17309
97737
97736
97735
97734
95461
95460
95463
87052
53049
53048
95466
53045
53044
53047
53046
10650
53042
63758
63755
63752
63753
63750
63751
20832
20833
20830
20831
20837
20838
20839
53599
53598
53593
53591
53590
53597
53596
53595
53594
46971
46970
46977
46975
46974
49705
46979
46978
49701
48258
48254
48255
70729
92709
92708
62481
62480
50155
13108
13104
50152
13107
13101
13102
13103
70727
28458
28459
28450
28451
28452
28453
28454
28455
28456
28457
92705
20306
20307
20301
20303
57309
92707
67505
67504
67502
67501
07101
07103
07102
07105
07104
07107
07106
07109
07108
66675
47430
29505
29504
29506
29501
29503
29502
75265
47436
75260
92154
92155
59258
59259
92150
92152
06424
59252
59253
59250
59256
59257
59254
59255
18840
54966
35026
35023
18842
35021
06420
78972
18843
06423
32559
55735
33043
01430
55731
55730
32550
18845
18846
18847
62878
62879
56425
74829
88430
88431
88433
77477
88434
88436
62871
88437
22412
84061
84060
26306
26302
26301
93287
93286
93285
93283
93282
93280
75350
75353
21829
75355
75354
75357
75356
21822
21821
21826
21824
56288
56289
56284
56285
56286
56287
56280
56281
56282
56283
99903
99901
32084
32085
32086
32087
32080
32081
32082
32083
57773
57772
96109
57770
57777
57776
57775
57774
52055
52054
52057
52056
52050
52053
52052
60146
60147
60144
60145
60142
60143
60140
60141
60148
60149
57481
53901
74827
36703
36702
36701
24815
24816
24817
24811
24813
24818
49955
83686
65566
04478
04479
96898
27895
27894
04472
27896
27891
27890
27893
27892
99018
99019
99014
99015
99016
99017
99011
99012
99013
47384
33759
37079
37076
37077
37074
37075
37072
37073
37070
37071
22548
30228
30229
30224
15163
30222
30223
30220
39501
39502
39503
39505
39506
39507
13261
22542
59824
67260
22544
22545
22546
76071
76070
76073
68528
68529
76077
68524
76078
68526
68527
68520
68521
68522
68523
57232
86001
91344
91345
91346
91340
91341
91342
91343
57238
58440
57239
58441
58442
58443
58444
54344
23407
23404
23405
23401
23408
23409
72346
79012
79013
75134
79010
97538
74569
79011
55406
74561
62258
74563
74562
70616
55405
74567
62259
55404
79014
55403
79015
55402
55401
79018
79019
62250
94138
73435
94139
52550
98401
85543
85542
85541
85540
85547
85546
85545
85544
85548
70170
74738
70176
73439
38473
38472
38471
38477
38476
38475
38474
38478
05460
05461
05462
05463
05464
05465
05466
05468
05469
36066
36067
36064
36065
36062
36061
36068
36069
33256
33257
33255
71001
71003
71002
71004
71007
71006
87038
87031
87032
87035
87034
87037
87036
44041
44040
44045
44044
44047
44046
44049
44048
47895
93063
93062
04733
04732
41721
04730
04737
04736
41725
04734
41729
04738
12989
47765
15401
19188
19182
19183
19181
19187
19184
19185
65608
65609
65606
65607
65604
65605
65602
65603
65601
98522
13766
13760
13761
13762
13763
94279
94278
94273
89802
94271
94277
66408
11405
71472
89801
66401
97567
49002
49003
49001
49006
49007
49004
49005
49008
49009
48359
48357
48356
48350
48353
99258
99256
99252
41502
80430
16847
16844
16845
80434
16843
16840
16841
80438
80439
95587
16848
16849
12176
12177
12174
12175
12172
12173
12170
42603
42602
46582
46580
46581
90035
61758
90037
90036
90031
59868
90033
61759
45051
45050
45053
45052
45055
45054
59863
45056
29202
29203
95632
29201
29206
29207
29204
29205
95638
95639
29208
29209
21776
21777
21774
21775
21773
21770
21771
63121
63120
63123
63122
63125
63124
21778
21779
62834
62835
54929
54928
62830
62831
62832
62833
54923
54922
54921
54927
54926
61753
87747
70791
87746
87745
92324
49918
49919
49915
49916
49917
49910
49911
49912
49913
99759
68728
68729
68726
68727
68724
68725
68722
68723
68720
26690
26691
73718
24201
50359
24203
24202
73716
24209
28559
28555
28554
28557
28556
28551
58401
28553
28552
34231
34230
34233
34232
34235
34234
34237
34236
34239
34238
72002
72003
72004
72005
72006
72007
35180
35181
35182
35183
35184
35185
35186
35187
35188
77231
73750
73757
73756
73755
73754
74724
07710
07711
07712
07715
07716
07717
07718
07719
55388
55389
71226
61710
55380
55381
51401
55383
55384
55385
55386
55387
22336
22334
22333
22332
22331
00949
25649
25646
25647
25644
25645
72059
74761
74760
74766
74764
72053
72052
79083
93094
93093
72057
93099
32329
32328
55968
55969
32321
32320
32323
32322
55960
32324
32327
32326
06043
06041
06040
06045
06049
57528
57529
57522
57523
57520
57521
57526
24991
24993
75499
75492
75493
75490
75491
75496
75497
75494
75495
26178
26170
26173
26175
05662
05663
05660
05661
05666
05667
05664
05665
63824
63825
63826
05669
63820
63821
63822
63823
75140
75141
75142
75143
75144
75146
75147
75148
75149
01718
01719
79870
70518
70519
70510
70511
70512
70513
70514
70515
70516
70517
14112
14113
14110
33493
33496
33497
33498
33499
71640
18471
18470
18473
18472
55925
16657
33563
36518
16656
01427
36515
36512
16655
36511
16654
37665
74855
37664
74854
38068
38069
04539
16651
38060
38061
04537
04536
04530
38066
38067
83251
83250
83253
83252
83255
83254
83256
08638
40031
40032
40033
40036
40037
47568
47562
47561
47567
76248
85941
47564
76249
15644
15647
15646
15641
15640
15643
15642
78046
78047
78044
78045
78042
78043
78040
78041
76240
78049
76241
81034
39339
39338
03084
39332
03086
39330
39337
39336
39335
92571
88342
88343
88340
88341
88346
88347
88344
88345
88348
88349
55775
98406
06906
06907
06904
06905
06902
06903
06901
66216
66217
01541
43718
43719
43711
43713
43716
43717
19432
19430
49355
19436
19437
19435
19438
66218
66219
65320
02025
02027
02026
02021
02020
02029
68841
98812
65329
68840
38880
98817
98816
80232
80233
80230
80231
80236
80237
80234
80235
80238
80239
46748
42049
42048
68849
46740
46741
46742
42040
42047
42046
42045
42044
45219
45218
75458
45213
45212
45211
45210
45217
45216
45215
45214
97709
10130
10131
10132
10133
10138
40999
40997
40995
05345
05344
05346
05341
05340
05343
05342
80904
80905
80906
80907
80901
80902
80903
41022
40372
40371
40370
40376
40374
40379
43526
75187
72945
72947
76059
72946
72941
72940
72943
89570
79835
92396
92397
92394
92392
99180
92393
92391
92879
92878
92877
92871
92870
19375
19374
19376
19371
19370
19373
19372
70470
90241
29425
10965
10964
10963
10962
10960
90245
10969
10968
64874
64873
64870
90249
65479
65470
65473
33913
81628
43050
43056
43055
43054
81623
81620
43058
12431
81624
81625
32934
46260
46266
23692
97486
46268
23691
22908
22909
23690
22901
22902
22903
22904
22905
22906
23696
94028
94029
94022
94023
94020
94021
94026
94027
94024
94025
57052
57053
57050
57051
57056
57057
57054
57055
57058
57059
93626
54888
54889
54886
54880
17728
17729
17724
17726
17727
17720
17721
17722
17723
60649
60648
60641
60640
60643
60645
60644
60647
60646
53288
53281
53280
53285
53284
62644
62643
62642
62640
54772
54773
54770
53943
54774
62648
20418
20419
48144
48145
48146
20410
48141
20412
48143
95776
95771
67039
67038
67037
67036
67035
67033
67031
67030
78280
78283
78284
78285
78286
78287
78288
78289
91031
98387
83647
83644
37951
37950
83645
83642
83643
72639
72638
72633
72632
72631
72630
72636
72635
72634
26719
50259
50258
26711
26710
50257
50256
50251
26714
26717
26716
01930
01931
01936
01937
34797
01938
08870
25691
08872
08873
77379
08875
08876
25690
08878
08879
77377
77376
77371
77373
77372
24411
24412
25692
24415
24416
25694
28748
25697
23298
28744
28745
28746
28747
28740
28741
28742
28743
85079
85078
55029
32828
32829
32826
32827
32824
32825
32822
55020
32820
32821
96775
56594
56590
56591
56592
56593
35449
35448
35441
35440
35443
35442
35444
35447
35446
32794
23872
32796
23870
32790
32791
32792
07524
23879
23878
32798
32799
61526
61525
61524
61523
27144
61529
61528
56048
56042
48438
56041
56046
56047
56044
20389
02344
25438
02346
02347
02341
02343
25431
25430
25432
02348
25434
25437
85338
85339
82615
74132
74133
74130
74131
74136
74137
74134
74135
75840
75845
75844
75847
75846
75849
75848
99159
29154
98295
98294
98297
98296
98291
98290
98293
98292
57315
57314
57317
70728
57311
67488
57313
57312
70723
70722
70721
70720
57319
70726
70725
67484
18848
75264
75267
75266
75261
54957
75263
75262
33047
67482
33045
33044
18844
33042
33041
33040
41222
84069
84068
41226
67480
41224
84063
84062
41228
67481
84067
84066
84065
84064
86511
86510
86512
40179
40178
40175
40177
40176
40171
40170
14095
14094
14092
14091
14098
18431
18430
74965
74964
74966
18437
08401
08403
08402
08405
08404
08406
74963
68802
74962
82061
38749
38748
38745
38744
38746
38740
71602
68801
30538
30539
30537
30534
30535
30533
30530
30531
15601
92371
89779
15605
52301
15606
72751
52302
76377
52305
52307
52306
76185
17319
47338
47339
76181
76180
17318
47330
47331
47336
47337
47334
47335
87749
15059
15054
15055
15056
15057
15050
15051
15052
15053
99569
70549
70548
39168
39169
39162
39163
39160
39161
39166
39167
39165
74859
19609
19608
16659
19605
19604
19607
19606
19601
16652
19603
19602
12729
12727
12726
12725
12724
12723
12722
12721
12720
87523
21128
87522
21123
21122
21120
19087
19086
78008
43529
43528
43523
43522
43521
43520
43527
19089
43525
43524
16056
87520
78002
55368
17528
17529
17527
17522
17520
17521
90242
90240
78001
90247
13459
13456
13457
13454
13455
13452
13453
13450
78004
78005
62401
62407
20658
20659
20656
20657
20653
20650
85073
85072
85071
85070
85077
85076
85075
85074
80005
80004
80007
80006
80001
80000
80003
80002
48434
48435
48436
48437
48430
48432
48433
20388
48439
62926
11964
11965
11967
11960
11961
11962
11963
11968
11969
98560
50628
15931
15930
15937
15936
15935
15934
15938
95363
95360
95361
95366
95367
95364
95365
95368
95369
50620
50621
90084
61884
45877
28234
28235
28236
28237
28230
28231
28232
28233
45876
95986
95987
95984
95982
95983
95980
95981
45875
95988
84752
50981
50980
75116
51054
51055
51056
51057
51050
51051
51052
51053
93207
93206
93205
84756
51058
51059
93201
61321
61320
61323
61322
61325
61324
61327
61326
61329
61328
75119
75118
45873
73835
45872
25141
25140
25143
25142
25147
25149
25148
91711
18813
53981
91710
77704
56207
56201
98059
98058
98057
98056
98055
98054
56208
56209
98051
98050
16354
40068
16352
16353
16350
16351
61813
61812
61811
61810
61817
61816
61815
61814
61819
61818
86446
97272
97271
86445
86444
86443
86442
21244
86441
21240
21241
11030
81015
81014
81011
81010
81013
81012
81019
08248
08243
08242
08241
08240
08247
08246
08245
08244
49428
49429
49424
49425
49426
49427
49420
49421
49422
49423
94615
94614
94617
94611
94610
68038
68039
68036
68037
68034
68035
68032
68033
68030
68031
90721
90720
90723
79350
91902
58318
58319
58316
58317
58310
58311
58313
75708
75709
78749
78748
78741
78742
78745
78744
78747
78746
75707
93448
25971
25972
25976
25977
25978
25979
73848
29628
29624
29625
29626
29627
29620
29621
29622
29623
23488
23486
23487
23482
23483
23480
34613
34611
34610
34614
72462
72460
72461
72466
72467
72464
72465
92616
92615
92614
92612
08933
92610
94517
96772
92619
92618
24595
24594
24597
96773
50048
24590
24593
24592
50044
63950
50046
50047
24599
24598
50042
50043
32619
32618
96776
32611
32610
32613
32612
32615
32614
32617
32616
96778
96779
94515
93208
24622
24620
24627
24624
24628
75939
93204
94512
93203
93202
33911
33910
38965
38964
38967
38966
38961
38960
38963
38962
31823
31822
31821
33912
31827
31826
31825
31824
18336
31829
77651
77656
77657
18337
37090
93564
93562
33917
93560
93561
33916
75650
75651
75652
75653
75654
75656
75657
75658
75659
98558
98559
98138
94511
70021
64074
91410
64075
85279
85278
91411
85275
85274
85277
85271
79762
85273
85272
79763
91416
76490
52660
74301
62649
64078
64079
84638
84639
41419
04228
04225
04224
04227
04226
04221
04220
41413
04222
37096
39702
39703
39701
39704
39705
71378
71373
71371
71377
71375
37097
64485
76682
76683
76680
76681
12903
76687
12901
76685
71080
71082
81226
01086
37738
01084
01085
01082
01083
01080
01081
37731
37730
37733
37732
37737
01089
30708
15489
15488
30701
15482
30703
15480
30705
15486
30707
15484
14683
02284
01338
01339
47813
47812
47811
01337
01330
01331
47814
81225
03249
85937
40452
03243
03240
03241
40456
03247
03244
03245
85935
14538
14539
14534
85932
14536
14537
14530
14532
14533
72853
72852
72851
76533
72857
38159
72855
72854
76538
76539
38157
38150
38151
38152
81223
43228
43229
89104
89103
89102
89101
43220
43221
43222
43223
43224
43226
43227
19102
19103
19101
19106
19107
19104
19105
19108
19109
81221
60301
60302
60303
60304
60305
47104
47107
47106
47102
11484
47108
82701
82703
80701
80705
46058
97075
97076
97077
97070
97071
46050
46051
46052
97078
46055
46056
46057
83813
52219
52218
52217
52216
52215
52214
52213
52212
52211
52210
95502
95503
72217
83810
53168
53167
21080
21082
21084
21085
21087
21088
19815
63651
63650
19810
63656
63655
63654
64151
64150
64153
64152
64155
64154
64157
64156
64158
49628
49629
49626
49627
49625
49622
49623
49620
49621
91905
91793
45503
45502
45501
45506
45505
45504
49990
96859
96858
81303
96857
96850
96853
13221
13220
13225
13224
54307
54306
54305
54304
54303
54302
54301
58483
58488
58489
54308
62214
62215
62216
62217
62218
62219
20029
53535
91797
20020
20024
20026
53536
53531
53530
07022
07023
07020
07021
07026
07027
07024
07028
07029
99681
92149
77565
53538
40863
40862
40867
89146
40865
29429
29426
74954
29424
40868
29422
29423
29420
07799
23642
71923
59354
59353
59351
74955
97818
92140
97812
97813
97810
97817
97814
95151
16355
95150
95153
54140
32459
55478
55479
78837
32452
55474
78834
32457
32456
32455
32454
06779
06778
06777
06776
06770
50535
50536
50530
50531
50532
50533
92366
92365
92364
50538
33302
66441
66440
66442
66449
22513
22511
22517
22514
26463
26462
26461
75412
75413
75410
75411
75416
75417
75414
75415
98398
65360
75418
76429
77484
96068
96069
93016
96065
93014
93015
93012
93013
93010
93011
63111
77483
77482
42082
56438
24910
24915
24917
24916
24919
24918
56432
77480
92235
99119
99118
99111
99110
99113
99115
99114
99117
99116
92672
95073
33418
33419
33410
33411
33412
33413
33414
33415
33416
33417
30149
30148
30143
30142
30141
30140
30147
30146
30145
30144
38197
24003
37240
24001
37242
37245
37244
37247
37246
37249
37248
24009
24008
03004
55615
91951
67459
67458
67451
67450
67452
67455
67454
67457
67456
37865
37864
37867
37866
37861
37860
37863
37862
37869
37868
67831
79311
79313
79312
79314
79316
59086
03815
45258
67839
45255
03818
25837
25836
25831
25833
25832
03578
25839
03579
85716
85717
85714
40504
85715
40505
85712
03576
85713
80946
04858
04859
04856
03570
04854
04855
04852
04853
04850
40501
03572
80949
40503
95333
85718
74402
74403
74401
92007
92004
92002
92003
92008
92009
01518
01519
01515
01516
01517
01510
43974
43976
43977
43970
43971
43972
43973
91482
98948
75755
75754
75757
75756
75751
75750
75752
75759
75758
03857
03856
03855
03854
03853
03852
03851
03850
94612
03859
03858
98941
98940
98943
98942
77550
85752
94619
85750
85751
85754
94618
98947
98946
36383
30728
33352
33351
71129
33355
33359
02726
02724
02725
02722
02723
02720
02721
44168
36652
84405
84404
84407
84401
84403
84402
84409
84408
04078
04079
41604
41605
41606
41607
04070
41601
41602
41603
83756
83757
96135
76475
76474
76476
76471
76470
76472
47601
12189
15564
15565
15560
15561
15562
15563
44838
44839
44836
44837
44830
44833
88901
38859
38858
55177
94801
94807
89316
89317
89314
89315
89310
89311
13328
89318
38854
16148
16146
16145
16143
16142
16141
16140
53917
17238
17239
17236
17237
52404
17235
17232
17233
17231
60539
60538
56484
53913
60531
60530
60537
60536
60534
11696
11697
11694
11695
11692
11693
11690
11691
82937
82936
82935
82934
82933
46158
82931
82930
46155
46154
46157
46156
46151
46150
82939
82938
27919
27910
27915
27916
27917
43080
99359
43081
99353
99352
99350
99357
99356
42728
42729
97603
97602
97601
42722
42720
42721
42726
42724
45719
45712
45713
45710
45711
45716
45717
45714
45715
78208
54805
54806
54801
78201
78202
78203
78204
78205
78206
78207
62971
62970
62973
62972
62975
62974
62977
62976
62979
12345
10277
20124
10275
10274
10273
10272
10271
10270
10279
10278
63370
63371
63373
63375
63376
63377
63378
48650
48651
49819
49818
48652
21541
21540
21543
21542
21545
49814
49817
49816
68448
68443
68442
68441
68440
68447
68446
68445
68444
44445
44444
44446
44441
44440
44443
44442
48658
44449
48659
24322
24323
24326
24327
24324
24325
24328
62394
58721
58723
58722
58725
58727
79159
73169
54114
54115
54112
54113
54110
54111
54119
62023
40337
62021
91772
62027
62026
62025
29913
91778
62028
40334
34460
34461
34464
34465
35739
64660
64667
40330
51564
51565
51566
51560
51561
51562
51563
64664
07610
61611
61610
61613
61612
61615
61614
61616
27675
27676
83712
74644
74646
74647
74640
74641
74643
73142
73143
73140
73141
73146
73147
73144
73145
73148
73149
95298
93190
93199
56514
56515
56516
56517
56510
56511
56513
56518
56519
32170
32173
32174
32175
32176
32177
32178
32179
59746
75599
41076
06258
06259
27866
06250
04468
06256
06254
06255
27868
26238
26230
26236
26237
26234
05501
98655
01615
01614
01613
01612
01611
01610
79938
79931
79930
79932
79935
79934
79937
79936
98653
99836
99835
99832
99833
99830
14013
14012
14011
14010
57399
33629
33623
33622
33621
33620
33626
33625
33624
73843
04679
04676
04677
04674
04675
04672
04673
04671
73840
73847
73844
15767
15764
15765
15762
15763
15760
15761
54240
18224
18225
71450
54241
18220
18221
18222
18223
37069
71458
71459
18229
33767
76109
76108
76105
76104
76107
54245
76101
76103
76102
39474
39475
39476
39477
39470
86412
39478
39479
77859
37066
77850
77852
77853
77855
77856
18522
47445
47446
72469
47441
99785
47443
47448
47449
34103
34102
34101
72379
34107
34106
34105
34104
72372
72373
34109
34108
72376
72377
72374
07930
07931
07932
07933
07934
07935
07936
07938
07939
56737
31085
31084
31087
